2
2
9
2
1
6
5
0
3
9
4
1
1
4
2
9
9
5
6
7
1
3
1
6
9
2
5
7
8
5
6
5
5
2
0
2
6
0
2
3
8
6
4
5
5
9
3
9
4
2
1
6
7
8
8
3
4
6
9
4
2
7
4
2
7
3
5
6
4
6
0
2
1
8
1
3
2
3
6
1
3
0
8
6
3
8
6
1
4
6
9
8
0
7
1
2
7
5
2
3
938
356
57
865
617
327
802
851
894
469
661
519
161
942
926
957
409
610
704
957
95
482
167
283
843
690
969
201
98
797
205
275
601
629
947
331
59
805
643
465
854
45
362
359
44
570
15
847
366
791
660
953
682
964
144
316
965
305
313
776
67
615
887
22
931
307
755
77
120
592
238
426
298
144
318
923
148
542
899
344
406
531
856
782
602
388
629
17
123
68
634
558
306
475
293
266
547
43
212
787
